11226.272727272728
4679 4676 4668 4665 4649 4640 4627 4626 4607 4605 4597 4597 4566 4556 4537 4489 4486 4485 4485
5448 5437 5424 5412 5403 5351 5348 5314 5282 5270 5265 5265 5263 5256 5250 5206 5206 5201 5186
9977 9973 9962 9962 9957 9955 9955 9931 9924 9913 9906 9902 9896 9895 9870 9867 9856 9856 9854 9833 9816 9816
2172 2171 2169 2169 2165 2162 2155 2143 2126 2089 2083 2061 2054 2053 2045 2045 2044 2012 2000 1999 1994 1975 1955 1949 1946 1943

3008 2996 2994 2972 2964 2950 2944 2942 2939 2930 2914 2897 2889 2868 2866 2860 2851 2849 2844 2836 2819 2814 2801
3806 3789 3776 3758 3755 3754 3738 3729 3695 3677 3656 3654 3649 3647 3626 3623 3603 3585 3585 3562 3558
8637 8618 8589 8585 8571 8541 8539 8527 8521 8520 8504 8493 8490 8481 8477 8468 8465 8444 8434 8381 8366 8361
8788 8787 8763 8760 8757 8746 8724 8717 8713 8705 8704 8697 8693 8690 8686 8684 8679 8663 8652 8652 8651
3978 3978 3972 3972 3967 3960 3937 3932 3903 3879 3870 3852 3851 3848 3845 3832 3832 3830 3830 3812
4147 4145 4130 4100 4085 4085 4051 4042 4042 4032 4029 4022 4019 4016 4009 3993 3987 3986 3986
4834 4828 4803 4799 4779 4775 4772 4768 4767 4758 4746 4737 4735 4701 4694 4689 4687 4682

2364 2357 2356 2325 2318 2317 2307 2304 2297 2293 2288 2280 2271 2264 2258 2250 2234 2227 2224 2221 2210 2194 2191 2182

4344 4314 4314 4311 4310 4296 4273 4271 4257 4230 4222 4214 4187 4183 4182 4180 4170 4156

1132 1125 1120 1116 1114 1112 1108 1102 1099 1081 1076 1072 1061 1026 1024 1021 1019 1018 1016 1009 1004 1004 1002 975 946 933 914 913 912 901 901 894

2550 2533 2530 2526 2511 2509 2484 2484 2467 2456 2440 2429 2424 2422 2414 2410 2405 2393 2392 2387 2383 2369
5825 5791 5787 5761 5760 5749 5735 5725 5722 5707 5706 5706 5700 5668 5663 5630 5630 5630 5628
8331 8324 8322 8319 8314 8298 8297 8290 8287 8282 8261 8257 8254 8241 8231 8214 8191 8178 8146 8133 8128
1356 1343 1338 1334 1330 1324 1323 1319 1317 1287 1283 1265 1259 1248 1241 1225 1222 1222 1201 1197 1193 1186 1174 1154 1151 1133
7447 7442 7438 7433 7422 7411 7399 7392 7385 7377 7372 7351 7349 7286 7263 7254 7223 7201 7193 7190 7165
2663 2659 2649 2647 2638 2638 2635 2626 2626 2624 2620 2610 2608 2605 2601 2599 2594 2592 2590 2551 2550
601 586 581 557 556 549 538 528 524 504 492 486 483 482 473 468 467 451 427 425 417 384 356 354 336 334 329 327 323 316 304 304 301 293 292 289 286 260 236 228 223 216 213 203 196 194 192 189 177 176 160 154 149 146 143 143 141 124 117 113 107 94 81 76 73 68 59 56 54 54 42 41 41 38 29 29 25 22 9 4
3246 3222 3217 3200 3197 3196 3196 3187 3170 3153 3143 3103 3094 3074 3065 3062 3040 3036 3032 3031 3023
1544 1544 1540 1539 1539 1521 1516 1512 1479 1478 1463 1462 1460 1458 1431 1427 1426 1423 1417 1417 1364 1362
1935 1929 1927 1925 1904 1886 1882 1870 1843 1841 1834 1833 1819 1784 1770 1764 1764 1759 1753 1727 1725 1724 1719 1702
6566 6560 6550 6542 6542 6541 6535 6520 6513 6512 6505 6501 6494 6489 6484 6478 6478 6468 6464 6440
4475 4475 4473 4465 4461 4430 4424 4424 4415 4414 4394 4390 4373 4371 4370 4356 4351
5621 5602 5590 5575 5574 5566 5562 5557 5548 5548 5543 5538 5536 5509 5499 5485 5458 5455
9813 9802 9797 9791 9790 9782 9764 9759 9742 9735 9719 9712 9691 9677 9669 9659 9658 9644 9630 9618 9602
1695 1680 1674 1660 1656 1651 1638 1636 1635 1628 1627 1627 1625 1601 1589 1588 1586 1557 1549 1546
4976 4971 4967 4963 4956 4949 4947 4946 4945 4941 4938 4933 4925 4903 4894 4888 4887 4856
5185 5146 5142 5118 5110 5109 5098 5088 5076 5073 5072 5050 5031 5022 5007 5003 4990
889 878 876 852 839 837 834 826 815 809 799 789 784 779 772 751 749 713 711 696 691 675 672 650 627 611 609 609 602
6910 6903 6901 6870 6869 6859 6828 6778 6741 6730 6706 6705 6699 6688 6655 6653 6642 6635 6619 6618 6577
9169 9162 9157 9142 9091 9073 9041 9038 9012 9011 9011 9009 8959 8943 8936 8933 8910 8897 8876 8870 8824
6280 6271 6265 6235 6225 6216 6203 6203 6192 6174 6155 6154 6143 6140 6130 6119 6114 6106 6086 6078
7939 7914 7901 7893 7883 7871 7871 7865 7862 7842 7826 7816 7814 7808 7774 7757 7754 7714 7712 7674 7645
6073 6059 6039 6037 5998 5997 5995 5991 5952 5945 5939 5899 5891 5882 5875 5845 5830 5825
2799 2761 2759 2758 2742 2735 2727 2726 2723 2718 2705 2703 2702 2696 2686 2679 2674 2671 2669 2664
9358 9358 9354 9351 9338 9335 9315 9315 9315 9314 9293 9289 9265 9233 9214 9201 9188 9175 9171 9170
6440 6429 6424 6423 6419 6414 6412 6411 6363 6360 6335 6309 6304 6304 6303 6300 6293 6288 6283
7628 7625 7620 7617 7612 7606 7596 7594 7592 7579 7550 7547 7530 7519 7507 7506 7490 7488 7452 7449
9590 9578 9577 9566 9559 9557 9542 9516 9515 9513 9511 9504 9498 9497 9406 9376 9375 9370 9362 9359
7158 7153 7130 7111 7110 7104 7089 7087 7068 7039 7036 6973 6970 6963 6963 6963 6945 6942 6925 6924
8117 8116 8115 8113 8088 8083 8076 8071 8061 8036 8028 8023 8020 8010 8008 7983 7965 7959 7959 7950
3549 3528 3488 3459 3453 3435 3431 3402 3393 3360 3358 3343 3319 3310 3298 3291 3282 3272 3262
