10722.09090909091

956 515 390 643 280 892 770 433 740 706 840 351 550 952 353 683 774 438 209 692 849 819 931 370 649 501 588 415 937 651 782 470 991 461 536 966 976 416 913 224 744 958 959 646 698 994 761 824
206 682 854 627 799 541 916 393 789 315 896 722 783 623 917 542 219 233 972
553 772 618 459 337 926 360 559 237 531 742 604 449 990 579 411 968 221 207 294 572 859 716 962 339 636 895 662 494 890
347 868 932 669 458 671 750 846 374 564 933 908 778 435 434 898 274 396 300 645 600 953 734 624 997 368 915 884
938 657 805 773 578 610 863 711 282 729 334 701 886 777 229 448 786 879 992 321 715 632 538 583 403 309 226 397 379 258 730 999 889 798 704 909 861 227 695
759 520 829 975 248 679 205 557 333 911 792 800 223 257 387 478 457 919 779 452 293 532 826 562 735 894 677 676 700 928 213 352 513 534 272 340 872 590 388 546 982 795 451 607 901 852 313 245 485 653 599 681 608 977 708 517 918 270 377 199 197 195 193 191 189 187 185 183 181 179 177 175 173 171 169 167 165 163 161 159 157 155 153 151 149 147 145 143 141 139 137 135 133 131 129 127 125 123 121 119 117 115 113 111 109 107 105 103 101 99 97 95 93 91 89 87 85 83 81 79 77 75 73 71 69 67 65 63 61 59 57 55 53 51 49 47 45 43 41 39 37 35 33 31 29 27 25 23 21 19 17 15 13 11 9 7 5 3 1

342 635 728 420 487 268 507 400 343 584 888 867 537 808 907 443 331
325 581 961 771 825 874 736 220 791 637 684 392 527 338 428 732 406 613 814
413 348 597 663 417 560 946 630 299 326 264 217 504 441 812 970 281 414 533 266 243 921 694 747 421
797 431 399 595 776 702 267 361 442 576 447 437 766 549 278 490
160 158 156 154 152 150 148 146 144 142 140 138 136 134 132 130 128 126 124 122
920 981 973 768 497 276 862 383 738 466 745 661 332 718 215 803 760 320 330
787 573 440 827 286 986 793 724 426 869 297 427 238 924 235 409
200 198 196 194 192 190 188 186 184 182 180 178 176 174 172 170 168 166 164 162

757 876 230 283 668 696 273 659 652 756 714 905 887 240 469 904 725 957 412 521 422 328 561 836 731 247
301 365 925 969 746 211 820 851 514 666 430 500 231 386 930 712 993 680
963 358 253 512 522 935 292 790 844 944 665 345 277 885 806 202 865 620
439 263 642 410 848 214 585 201 628 934 689 302 566 394 881 316 699 322
327 902 816 709 914 996 252 871 910 366 947 612 568 495 717 781 617
523 839 906 796 813 984 697 631 384 811 450 303 995 474 625 488

505 640 203 619 644 842 752 228 565 269 246 673 983 943 489 208 880 436 721 971 455 899
1000 834 290 575 371 259 567 539 621 580 381 638 354 817 291 419 603
456 762 726 225 385 472 758 929 767 634 720 284 815 479 675 244

210 356 751 454 445 529 741 465 526 446 552 691 261 749 241 391 658 496 516 212
754 218 822 408 860 372 987 951 616 554 686 510 818 873 341 279
582 593 499 667 460 530 444 794 985 678 893 769 423 369 262 319 222 843
897 502 988 586 647 380 891 355 551 359 405 363 853 830 900 809 473
8 6 4 2 713 648 483 633 710 329 845 298 509 558 476 296 882 404
838 753 362 346 525 323 775 324 289 601 832 788 480 942 318 810 349
367 801 574 311 493 858 755 382 622 556 950 980 204 401 555 948 295
978 688 308 690 784 856 471 847 216 463 609 569 462 654 364 425
965 484 967 687 486 543 249 468 389 592 402 314 475 375 432 670 979 307 236
376 870 232 594 275 685 949 641 674 923 831 739 511 945 477 285 764 317 398 535 378 563 855 265 664 587 306 626 570
804 464 922 650 998 656 989 254 242 498 418 305 723 524 251 571 260 304
82 80 78 76 74 72 70 68 66 64 62 60 58 56 54 52 50 48 46

312 271 239 903 250 544 763 255 940 939 864 482 727 344 508
540 615 883 737 807 719 655 357 941 875 878 823 765 841 545 373
577 407 614 964 927 467 954 629 707 310 350 693 395 877 605 589 733
44 42 40 38 36 34 32 30 28 26 24 22 20 18 16 14 12 10
120 118 116 114 112 110 108 106 104 102 100 98 96 94 92 90 88 86 84

850 748 234 660 491 598 705 866 548 974 336 912 703 672 518
780 528 639 596 481 492 743 833 287 453 835 335 429 960 547 828
606 611 256 802 503 424 519 955 591 288 821 936 602 785 837 506 857
