11226.272727272728
459 597 444 46 193 103 93 861 836 22 496 175 576 945 801 331 554 955 180
31 20 491 819 907 76 777 922 232 936 894 673 748 285 206 730 611 226 805
301 418 932 15 969 791 84 106 811 36 382 767 30 40 261 323 631 580 807 295 958 247
718 473 989 379 721 360 298 600 452 778 98 788 581 130 667 365 477 862 184 266 622 983 952 833 917 18

526 17 543 739 590 324 779 973 598 99 741 565 248 986 753 56 540 596 796 549 647 199 467
72 188 677 294 601 314 497 191 448 896 127 904 738 353 386 238 169 737 583 900 271
124 293 150 825 765 754 239 559 492 749 675 427 901 408 272 2 464 640 260 957 525 434
381 706 159 670 85 112 57 28 744 548 41 570 304 970 657 694 746 519 665 268 993
967 107 941 915 135 933 853 89 23 911 563 461 613 710 263 909 654 676 520 42
793 356 574 412 704 83 891 572 168 129 886 176 380 773 873 696 121 750 406
101 19 411 231 979 956 33 126 814 472 373 847 182 940 996 282 997 784

716 550 125 534 883 61 108 531 579 240 142 615 402 340 813 1000 875 804 599 906 147 617 63 674

220 349 341 197 201 988 253 437 880 575 149 884 864 289 420 242 297 892

858 882 465 102 537 547 137 78 735 888 742 984 469 820 417 174 463 649 857 212 421 279 822 436 348 296 724 345 593 521 157 869

321 589 320 500 278 931 592 194 458 333 92 542 316 196 435 781 839 920 21 110 26 303
390 974 339 442 700 810 334 6 299 715 624 11 270 37 867 992 808 489 488
947 760 351 757 376 398 641 751 329 181 502 851 49 720 859 695 243 400 12 968 189
856 786 140 985 302 94 43 889 337 430 903 501 668 736 688 809 789 713 528 832 671 343 363 511 132 761
71 309 322 422 27 161 614 384 544 88 457 131 177 445 874 369 429 980 405 300 479
53 455 70 256 863 780 252 487 414 82 914 214 591 711 277 994 460 158 660 446 823
205 288 229 555 306 626 164 413 221 712 16 218 855 355 237 190 364 362 835 637 328 144 821 870 669 44 255 506 267 474 733 210 628 25 171 65 290 912 439 476 358 693 949 385 499 325 138 515 623 604 394 24 881 311 428 262 447 495 999 568 66 844 998 705 646 595 939 254 344 183 1 655 643 55 977 775 370 269 972 916
755 607 556 178 357 326 217 375 653 466 633 407 219 965 431 419 948 62 426 154 566
776 415 732 96 34 512 935 250 7 527 634 929 605 587 797 292 305 734 871 264 976 893
610 490 470 416 895 982 265 35 64 86 395 347 727 612 747 516 403 790 639 32 134 975 313 336
845 577 308 960 100 546 620 207 120 602 919 4 934 656 166 535 387 685 782 530
486 377 762 10 541 838 769 573 388 629 79 274 393 75 588 342 170
798 698 924 128 118 774 683 621 510 51 722 95 361 756 707 462 141 876
842 539 230 513 284 918 766 148 58 584 29 441 865 991 179 104 244 897 81 567 759
454 962 109 366 160 866 619 594 868 684 609 557 450 771 785 222 571 208 165 743
731 708 87 494 816 902 152 145 815 517 937 650 514 899 192 538 258 632
978 662 47 943 480 536 119 764 275 834 981 783 505 111 77 287 215
792 636 645 518 854 172 440 990 849 346 234 966 802 60 508 729 799 276 954 652 794 905 338 374 841 648 787 678 691
898 493 187 280 50 890 14 117 666 74 840 726 923 319 585 852 630 878 228 198 453
156 123 249 848 658 114 67 927 507 717 471 913 523 68 203 578 146 443 259 938 553
317 115 942 930 211 944 503 251 246 837 371 987 831 315 687 97 971 330 953 692
186 830 432 273 481 758 608 740 281 860 606 946 689 195 401 350 143 522 48 45 52
551 529 241 846 680 318 850 661 959 752 926 964 73 627 392 213 116 697
209 532 478 54 603 618 818 425 925 569 105 216 616 449 921 638 642 701 404 714
558 533 663 552 561 391 664 389 223 644 679 950 69 728 409 887 433 690 438 5
368 702 286 151 185 155 509 928 257 162 3 90 879 877 456 38 367 709 332
410 163 723 202 635 672 167 424 725 524 681 745 59 399 153 423 719 397 204 225
233 485 475 483 352 682 686 826 200 310 372 224 659 824 545 843 173 910 564 8
236 763 359 963 885 768 291 482 800 806 39 586 772 625 582 9 91 133 113 908
504 961 335 651 468 951 829 396 312 803 703 378 451 235 139 354 827 383 245 795
80 770 484 227 872 307 136 283 699 812 560 828 817 995 327 122 13 562 498
