8895.9
758 297 278 174 315 630 359 419 644 890 19 782 196 46 162 574 944
402 154 64 569 192 613 59 839 777 533 480 956 523 243 641 67 211 100
395 122 928 843 109 696 626 437 831 921 570 736 792 654 461 967 280 546
424 912 750 816 918 169 512 13 441 931 99 579 263 975 381 371 822 33 373 629 864 107 919 440 795 891 177 386 427
98 521 176 164 181 522 491 739 392 932 75 165 314 901 295 885 597 699 902
55 244 623 108 539 797 678 896 658 888 360 578 22 472 631 31 502

362 378 45 57 47 213 850 581 653 693 722 71 293 397 470 433 830 241 447 355 910 836
286 398 785 453 780 7 849 820 305 454 960 632 248 185 728 992 299 292 471 269 443 289 151 592 364 194 442
216 125 859 694 951 48 210 786 765 685 676 606 697 718 451 159 791 128 246 316 941
665 264 618 538 991 234 625 701 700 426 358 880 947 935 229 525 515 30 860
35 63 897 121 353 265 251 627 89 425 999 254 217 881 221 407 9 1
319 689 908 900 346 635 724 146 155 527 828 691 81 662 540 456 558
711 652 682 333 959 865 475 866 481 911 113 15 350 562 981 76 351 969
290 639 968 943 288 948 688 788 446 429 385 401 819 566 26 771 857 296
478 18 977 637 455 884 336 742 477 23 445 738 872 219 365 439 895 163 150 764
356 603 825 509 41 51 933 600 595 49 987 111 744 794 86 586 325 713 32 132 557 743 634 328 862 171 565 204 974 322 220 460 789 755 723 745 759 737 725 307 920 621 268 240 4 915 496 372 124 361 91 599 335 489 431 735 396 354 971 829 532 907 197 160 617 774 553 214 142 605 879 640 922 815 370 309 707 228 494 298 193 329 670 257 28 233 751 667 236 78 668 139 302
982 331 673 548 852 40 166 622 589 434 410 367 757 783 137 616 195
327 848 79 180 497 186 800 602 249 118 587 942 179 939 541 308 252 990 104 826 474 927 85 279 934 834
416 870 344 82 677 303 422 636 376 985 408 465 198 854 189 646 255 988 963 675 656 690 37 349

528 995 749 384 484 740 905 467 148 400 790 301 482 321 796 127 413
647 576 611 377 389 411 69 173 487 926 345 998 817 374 183 802 776 432 414 983 903 909 267 201 572 8 230 835 12 209 404 542 762 276


418 167 492 568 77 516 937 643 347 436 62 906 914 946 752 84 469 549 669 550 468 883 503 793
648 25 950 258 651 873 818 428 43 530 218 3 10 856 628 330 756 131 449 561 291 551 245 567 479 29 766 547 649 14 270 858 74 486 813 683 513 507 206 545 666 332 753 262 877 382
590 24 172 584 44 807 838 80 498 709 406 633 212 659 769 727 182 253 375
60 875 101 341 953 205 808 510 223 92 339 272 39 596 660 145 157
984 144 526 235 501 760 917 149 225 966 304 957 271 952 147 801 778 810


708 106 97 719 767 679 34 601 799 517 390 357 563 754 741 323 720 804 143 110 352 695 715 287 318 582 38 466 784
886 112 672 499 734 2 841 925 383 54 674 710 585 721 714 208 53 138
282 317 663 277 823 199 178 913 577 505 337 692 391 564 704 366 598 868 175 459 824 116 955 463 954 237 809 770

161 876 642 126 846 120 655 340 430 105 117 840 96 294 136 940 671
187 203 231 369 152 893 746 311 989 483 417 473 27 717 861 141 119
863 608 588 379 399 575 524 657 620 514 222 88 493 573 929 394 638
130 65 594 779 993 851 458 833 961 732 140 845 664 415 684 95 73 894
958 380 275 535 273 224 537 17 612 904 821 6 11 334 681 412 554
261 87 72 560 874 593 242 712 996 326 978 772 462 559 702 571 20 93 500 555 733 184 976
56 320 435 232 5 250 227 409 687 190 343 70 283 930 170 511 986 997 21 923 423 508
855 94 916 238 16 312 338 543 281 798 1000 924 348 994 403 979 388 703
773 882 763 306 200 239 889 661 103 102 945 871 504 90 716 842 495
730 457 476 123 393 827 980 135 869 609 274 61 619 686 133 363 519 300 52 191 747 518 768 256 898 705 153
114 42 464 129 115 485 452 448 247 285 36 729 878 580 66 158 803 775 837 938 973 58 650 421 368
556 591 706 520 68 698 188 806 787 536 965 444 614 887 202 488 812 972 420 342 156
260 529 610 215 867 284 832 583 615 748 490 207 387 844 168 624 134 450 438 761 970 83 964 726 847 607 853 50 811 936 892 544 534 731 259
531 552 324 814 899 226 949 310 313 962 645 405 781 266 506 604 680 805
