5030.95
5869 5867 5861 5857 5851 5849 5843 5839 5827 5821 5813 5807 5801 5791 5783 5779
7069 7057 7043 7039 7027 7019 7013 7001 5939 5927 5923 5903 5897 5881 5879
7211 7207 7193 7187 7177 7159 7151 7129 7127 7121 7109 7103 7079
7331 7321 7309 7307 7297 7283 7253 7247 7243 7237 7229 7219 7213
7481 7477 7459 7457 7451 7433 7417 7411 7393 7369 7351 7349 7333
7561 7559 7549 7547 7541 7537 7529 7523 7517 7507 7499 7489 7487
7673 7669 7649 7643 7639 7621 7607 7603 7591 7589 7583 7577 7573
7759 7757 7753 7741 7727 7723 7717 7703 7699 7691 7687 7681
7883 7879 7877 7873 7867 7853 7841 7829 7823 7817 7793 7789
9091 9067 9059 9049 9043 9041 9029 9013 7919 7907 7901
9187 9181 9173 9161 9157 9151 9137 9133 9127 9109 9103
9281 9277 9257 9241 9239 9227 9221 9209 9203 9199
9371 9349 9343 9341 9337 9323 9319 9311 9293 9283
9437 9433 9431 9421 9419 9413 9403 9397 9391 9377
9521 9511 9497 9491 9479 9473 9467 9463 9461 9439
9629 9623 9619 9613 9601 9587 9551 9547 9539 9533
9721 9719 9697 9689 9679 9677 9661 9649 9643 9631
9803 9791 9787 9781 9769 9767 9749 9743 9739 9733
9883 9871 9859 9857 9851 9839 9833 9829 9817 9811
10000 9973 9967 9949 9941 9931 9929 9923 9907 9901
3607 3593 3583 3581 3571 3559 3557 3547 3541 3539 3533 3529 3527 3517 3511 3499 3491 3469 3467 3463
3761 3739 3733 3727 3719 3709 3701 3697 3691 3677 3673 3671 3659 3643 3637 3631 3623 3617 3613
3911 3907 3889 3881 3877 3863 3853 3851 3847 3833 3823 3821 3803 3797 3793 3779 3769 3767
5059 5051 5039 5023 5021 5011 5009 3989 3967 3947 3943 3931 3929 3923 3919 3917
5189 5179 5171 5167 5153 5147 5119 5113 5107 5101 5099 5087 5081 5077
5323 5309 5303 5297 5281 5279 5273 5261 5237 5233 5231 5227 5209 5197
5437 5431 5419 5417 5413 5407 5399 5393 5387 5381 5351 5347 5333
5527 5521 5519 5507 5503 5501 5483 5479 5477 5471 5449 5443 5441
5653 5651 5647 5641 5639 5623 5591 5581 5573 5569 5563 5557 5531
5749 5743 5741 5737 5717 5711 5701 5693 5689 5683 5669 5659 5657


1249 1237 1231 1229 1223 1217 1213 1201 1193 1187 1181 1171 1163 1153 1151 1129 1123 1117 1109 1103 1097 1093 1091 1087 1069 1063 1061 1051 1049 1039 1033 1031 1021 1019 110 105 100 95 90 85 80 75 70 65 60 55 50 45 40 35 30 25 20 15 10 5 1 1
1493 1489 1487 1483 1481 1471 1459 1453 1451 1447 1439 1433 1429 1427 1423 1409 1399 1381 1373 1367 1361 1327 1321 1319 1307 1303 1301 1297 1291 1289 1283 1279 1277 1259
1709 1699 1697 1693 1669 1667 1663 1657 1637 1627 1621 1619 1613 1609 1607 1601 1597 1583 1579 1571 1567 1559 1553 1549 1543 1531 1523 1511 1499
1913 1907 1901 1889 1879 1877 1873 1871 1867 1861 1847 1831 1823 1811 1801 1789 1787 1783 1777 1759 1753 1747 1741 1733 1723 1721
3083 3079 3067 3061 3049 3041 3037 3023 3019 3011 3001 1987 1979 1973 1951 1949 1933 1931
3221 3217 3209 3203 3191 3187 3181 3169 3167 3163 3137 3121 3119 3109 3089
3331 3329 3323 3319 3313 3307 3301 3299 3271 3259 3257 3253 3251 3229
3461 3457 3449 3433 3413 3407 3391 3389 3373 3371 3361 3359 3347 3343



