1458.2
9118 8996 8788

6691 6672 6612
9281 9246 9150
1457 1425 1412 1224 1204 1202 1196 1190 1184 1144 1051 1000 1000 1000
7006 6874 6726
7470 7399 7366
9357 9302 9283


5399 5293 5261 5211
1676 1662 1653 1631 1615 1588 1548 1546 1500 1497 1464
4305 4292 4270 4210

5513 5420 5411 5408
5659 5566 5562 5556

2117 2088 1898 1808 1802 1776 1775 1743 1729
7747 7650 7606
5839 5801 5707 5669
2447 2319 2267 2225 2219 2202 2191 2170
2705 2650 2613 2605 2558 2497 2486
2875 2791 2779 2765 2764 2723
9530 9528 9501
3175 3082 3044 2960 2933 2917
6127 6016 5875

4388 4369 4313 4308

3273 3240 3224 3193 3176
3566 3539 3486 3375 3324
4493 4484 4476 4462
3814 3757 3730 3727 3725
4791 4784 4626 4566

6196 6192 6165
5038 4950 4885 4863
7971 7932 7865
6238 6221 6220
4198 4069 3996 3838
8205 8046 8018
6279 6266 6249
8466 8388 8256
6313 6306 6303
5209 5203 5122 5039
8637 8541 8525
6388 6377 6368
1000
6527 6460 6415
9951 9681 9532
